function [num_quadrature, position, weighting] = Line3()
%LINE2 Summary of this function goes here
%   Detailed explanation goes here
    position = [-0.774596669241483, 0, 0.774596669241483]';
	weighting = [0.555555555555554, 0.888888888888889, 0.555555555555554]';
    num_quadrature = 3;
end

