function [num_quadrature, position, weighting] = Quad9()
%QUAD9 Summary of this function goes here
%   Detailed explanation goes here
num_quadrature = 9;
position = [0.774596669241483,0.774596669241483;
    0,0.774596669241483;
    -0.774596669241483,0.774596669241483;
    0.774596669241483,0;
    0,0;
    -0.774596669241483,0;
    0.774596669241483,-0.774596669241483;
    0,-0.774596669241483;
    -0.774596669241483,-0.774596669241483];

weighting = [0.308641975308641;
    0.493827160493826;
    0.308641975308641;
    0.493827160493826;
    0.790123456790123;
    0.493827160493826;
    0.308641975308641;
    0.493827160493826;
    0.308641975308641];

end

